 alpha: 0.0050, epoch: 400 
 neuron[0]: 11, neuron[1]: 10, neuron[2]: 10 
 Dendritic layer dimensions (in order) 
: Output_features: 10, dendrites: 2, Den_view: 5 
###### Begin Training Output ###### 
Epoch 0.0 out of 8.0
Epoch cost: 1.32106 
Epoch 1.0 out of 8.0
Epoch cost: 1.31826 
Epoch 2.0 out of 8.0
Epoch cost: 1.31826 
Epoch 3.0 out of 8.0
Epoch cost: 1.31826 
Epoch 4.0 out of 8.0
Epoch cost: 1.31826 
Epoch 5.0 out of 8.0
Epoch cost: 1.31826 
Epoch 6.0 out of 8.0
Epoch cost: 1.31826 
Epoch 7.0 out of 8.0
Epoch cost: 1.31826 
Predictions: 
[ 6, 7, 6, 7, 6, 7, 6, 7, 7, 6, 7, 7, 7, 7, 6, 7, 6, 6, 6, 7, 7, 7, 6, 7, 7, 6, 6, 7, 7, 7, 7, 7, 7, 7, 6, 6, 6, 6, 7, 6, 7, 7, 6, 6, 7, 6, 7, 7, 6, 7, 7, 6, 6, 7, 6, 7, 7, 7, 6, 6, 7, 7, 7, 7, 6, 6, 7, 7, 7, 7, 7, 7, 7, 6, 7, 7, 6, 6, 7, 7, 7, 7, 7, 7, 7, 6, 6, 6, 6, 6, 6, 7, 7, 6, 7, 7, 6, 6, 7, 6, 7, 6, 6, 7, 6, 6, 7, 7, 7, 7, 7, 7, 6, 7, 6, 7, 7, 7, 7, 7, 7, 7, 7, 7, 6, 7, 6, 6, 7, 6, 7, 7, 7, 7, 6, 6, 7, 6, 6, 6, 6, 6, 6, 7, 6, 6, 7, 6, 7, 7, 7, 6, 6, 7, 6, 7, 6, 6, 7, 7, 7, 7, 6, 7, 7, 6, 6, 7, 6, 7, 6, 6, 7, 7, 6, 7, 6, 7, 7, 7, 7, 7, 6, 6, 7, 7, 6, 7, 7, 7, 6, 7, 7, 7, 6, 7, 6, 7, 6, 7, 7, 7, 7, 6, 7, 7, 6, 6, 7, 6, 7, 7, 7, 6, 7, 7, 7, 7, 6, 7, 7, 7, 7, 6, 6, 7, 6, 6, 6, 7, 6, 7, 7, 6, 6, 7, 7, 6, 7, 7, 7, 7, 7, 6, 7, 7, 6, 7, 7, 7, 7, 6, 6, 7, 6, 7, 7, 6, 7, 6, 7, 7, 6, 7, 6, 7, 6, 7, 7, 7, 6, 6, 7, 6, 7, 6, 7, 7, 6, 7, 7, 6, 6, 7, 7, 7, 7, 6, 7, 6, 7, 7, 7, 6, 7, 7, 7, 7, 6, 7, 6, 7, 6, 6, 6, 6, 6, 6, 6, 7, 7, 7, 7, 6, 7, 7, 6, 6, 7, 7, 7, 6, 6, 7, 7, 7, 6, 7, 7, 7, 7, 7, 6, 7, 6, 6, 6, 7, 6, 6, 7, 7, 7, 6, 7, 6, 7, 7, 7, 7, 7, 7, 7, 6, 6, 6, 7, 7, 7, 7, 7, 6, 7, 7, 7, 6, 7, 6, 7, 7, 6, 6, 7, 7, 7, 6, 6, 7, 7, 6, 7, 7, 6, 6, 6, 7, 7, 7, 6, 6, 7, 6, 6, 7, 6, 7, 7, 6, 7, 6, 7, 6, 7, 7, 7, 7, 6, 7, 7, 7, 7, 7, 6, 7, 6, 7, 6, 7, 7, 6, 7, 6, 6, 7, 7, 6, 7, 7, 7, 7, 7, 7, 7, 7, 7, 6, 6, 6, 6, 7, 7, 7, 6, 7, 7, 7, 7, 6, 7, 7, 7, 7, 6, 6, 7, 7, 6, 6, 6, 7, 7, 7, 6, 6, 7, 6, 7, 7, 6, 7, 7, 7, 7, 6, 6, 7, 7, 7, 6, 7, 6, 7, 6, 7, 6, 7, 7, 6, 7, 7, 7, 7, 7, 7, 6, 7, 6, 7, 6, 6, 7, 7, 6, 7, 7, 7, 7, 6, 7, 7, 6, 6, 6, 7, 7, 6, 7, 6, 6, 6, 7, 7, 6, 7, 6, 6, 6, 7, 7, 7, 7, 6, 7, 7, 6, 7, 7, 6, 6, 7, 6, 7, 6, 7, 7, 7, 6, 6, 7, 6, 6, 7, 7, 7, 6, 7, 7, 7, 7, 6, 7, 7, 7, 7, 7, 7, 7, 7, 6, 7, 7, 7, 6, 6, 7, 6, 7, 7, 6, 6, 7, 6, 6, 6, 6, 7, 7, 7, 7, 7, 6, 6, 6, 7, 7, 7, 7, 7, 6, 7, 7, 7, 7, 6, 7, 6, 6, 7, 6, 6, 6, 7, 7, 7, 7, 7, 7, 7, 6, 7, 7, 7, 7, 6, 7, 7, 7, 7, 7, 6, 7, 6, 6, 7, 6, 6, 7, 7, 6, 6, 6, 7, 7, 7, 6, 6, 6, 7, 7, 6, 6, 6, 6, 7, 6, 7, 7, 7, 7, 6, 7, 6, 6, 7, 6, 6, 6, 6, 6, 6, 7, 7, 7, 7, 6, 6, 6, 7, 6, 7, 7, 7, 6, 6, 6, 7, 6, 6, 7, 7, 6, 7, 7, 7, 7, 7, 7, 7, 6, 6, 6, 6, 7, 6, 6, 7, 6, 7, 6, 7, 7, 6, 7, 6, 6, 6, 6, 7, 7, 7, 6, 7, 7, 7, 6, 7, 6, 6, 6, 7, 7, 7, 7, 6, 6, 6, 7, 6, 7, 7, 7, 7, 7, 6, 7, 6, 6, 7, 6, 6, 6, 7, 6, 7, 6, 7, 7, 7, 7, 7, 7, 6, 6, 6, 7, 7, 7, 6, 6, 7, 7, 7, 7, 7, 7, 6, 7, 7, 6, 7, 7, 7, 6, 7, 6, 7, 6, 7, 7, 7, 7, 6, 7, 6, 6, 7, 6, 7, 7, 7, 6, 7, 7, 6, 6, 6, 6, 7, 7, 7, 7, 7, 7, 7, 7, 6, 6, 6, 7, 6, 7, 7, 6, 6, 6, 7, 6, 6, 7, 6, 6, 6, 7, 6, 7, 7, 7, 7, 6, 7, 7, 7, 7, 6, 6, 6, 6, 7, 6, 6, 6, 7, 7, 7, 6, 6, 7, 6, 6, 7, 6, 7, 7, 7, 7, 6, 7, 6, 7, 7, 6, 6, 6, 6, 7, 6, 7, 7, 6, 7, 7, 7, 6, 6, 6, 6, 6, 7, 7, 7, 7, 6, 7, 7, 7, 6, 7, 6, 6, 7, 7, 7, 7, 7, 6, 7, 6, 7, 6, 7, 7, 7, 6, 7, 6, 7, 7, 6, 7, 6, 6, 6, 6, 7, 6, 6, 6, 7, 6, 7, 7, 7, 7, 6, 6, 7, 7, 7, 7, 6, 6, 7, 6, 7, 6, 6, 7, 7, 6, 6, 7, 6, 6, 7, 6, 7, 6, 7, 6, 6, 7, 7, 7, 7, 7, 7, 7, 7, 7, 7, 7, 7, 7, 7, 7, 7, 7, 7, 7, 6,  ] 
Network Accuracy: 27.653061224489793%
